.Random.seed <-
c(10403L, 285L, 104279610L, -1194520123L, -1271526837L, 1021713283L, 
-576060295L, -1088865893L, -2014793926L, 457429834L, -558627585L, 
1584619545L, 1432757392L, 923449582L, -154827825L, 65785284L, 
1936339986L, 30270514L, -135129943L, 2004603345L, 3823326L, -25791655L, 
-2130162825L, -777396346L, 1113203383L, 1417440794L, 34417529L, 
-166957880L, -77134177L, 1957706592L, 381800877L, -957986947L, 
1231606598L, 69314629L, -1043559154L, -356603280L, 2053552609L, 
328386027L, -1477785593L, -1664239311L, 589734117L, 1928236949L, 
1582458955L, -1010148738L, 769920956L, 1781942842L, -1153280714L, 
2068845551L, -2093581851L, -2000029984L, 2004205836L, 444812036L, 
-1259026336L, 1308894028L, -1120764347L, -747241593L, 203864550L, 
-601745050L, -742442960L, 1040972602L, -26299273L, 508547128L, 
-754749438L, -1211045606L, -1109149805L, -985420229L, 866555222L, 
-1300232611L, 1684822132L, 97007747L, -1530811581L, 776040079L, 
2080834375L, -293491946L, 1213230773L, -704338013L, 1859215341L, 
-258026545L, 1797227055L, -907097516L, -1346379981L, 914196966L, 
1250362502L, -1271033303L, 1064268632L, 129442579L, -885633620L, 
1510542817L, -1276195317L, 913280750L, -76332044L, -556464806L, 
1397261050L, 1969619280L, -1817392741L, -213714849L, 252815088L, 
-1147161177L, -780095268L, -1590164012L, 1576689142L, -1483160711L, 
-1973595150L, 1818277120L, 1132557393L, -576257783L, -1206776821L, 
294324022L, 342214071L, -1358539941L, 252314896L, 1135226644L, 
850138138L, 1018852905L, -376106604L, -1956722880L, 437685564L, 
-2129346499L, 732050215L, -1370829683L, -1424478799L, -1186137138L, 
752855530L, -954181050L, -1524563622L, -1206382232L, -1734645293L, 
-1468404733L, 1469517615L, 720536964L, 2144109148L, -1383243143L, 
-368557404L, 1190177423L, 1420484933L, -1559658152L, 135452590L, 
-841789950L, -15480971L, 1985595947L, 1925922925L, 190171666L, 
-1871327573L, 922640131L, -1033875679L, -215457395L, 1338052242L, 
1719333611L, -16911136L, 2037584210L, -460774213L, -2048337292L, 
-1569267446L, -216863191L, 1470305591L, -965183267L, -764140952L, 
881347352L, 1089306661L, -1225998572L, -1665396014L, 2115866995L, 
1949090026L, 1700552978L, -1005279660L, 2057266038L, 1386300367L, 
-1308049202L, 1222480647L, -1888920652L, 234324038L, 652348681L, 
-1661725272L, 1373017225L, -1886482717L, 968241179L, 1716026456L, 
1382177213L, -1916914539L, -32936666L, 1763015539L, -1286480103L, 
-1695343109L, -1774938806L, -2069020169L, -1421938955L, -1794997458L, 
-2050196634L, -2098297349L, 1062062135L, 157095444L, -1913568831L, 
-268429812L, -1590731656L, -1808259648L, -699722851L, 753929845L, 
1574617866L, 2047204530L, -1973687093L, -1594113731L, -1440973793L, 
-76288701L, 1353671092L, 547716024L, 432933340L, 935058351L, 
513395887L, -547046604L, 25977285L, -157348885L, 1000369145L, 
-1138847725L, 516643871L, -117512240L, -55080348L, -1958797918L, 
738413788L, -2602940L, -1086990829L, 531978768L, -1114925835L, 
519852931L, 2107154458L, -1385760474L, 712841769L, 1988459222L, 
-263936071L, 1105384053L, 1860261636L, 1551415236L, 2027905108L, 
-1538404373L, 868483415L, -1881630457L, -1483516135L, 168004652L, 
-543116197L, -1590696835L, -1281437623L, -1893059688L, -1256324658L, 
-766400667L, -2058632905L, -495270915L, -1585858021L, 1844395812L, 
1721899773L, 603309054L, 1782154105L, 757422669L, 822365284L, 
156108655L, -1289700728L, -1751244443L, 765506860L, 1591324536L, 
-45390690L, 1040262199L, -1032008572L, -248808767L, 392905631L, 
559067694L, -2139682605L, -2054864192L, -426426752L, -91596791L, 
866393318L, -383174136L, -26831927L, 1071389776L, 315234342L, 
-1065260182L, -612878798L, -782031149L, -148215135L, -1892174638L, 
1827992268L, 1267223653L, 870685471L, 1645391117L, -182294912L, 
1067109908L, 1969341337L, 1599583601L, 787335513L, 34393683L, 
-2018602190L, -807778474L, 1506218442L, 970811113L, -1989523049L, 
1131820311L, 1823986818L, -1872639800L, -2131566155L, -252278827L, 
2093714813L, -2039658300L, -432309185L, -1846551841L, -1307823243L, 
-1398963772L, -1003015995L, -243880535L, 1851188691L, 368513824L, 
1699413731L, -1867290816L, 951071551L, 678717040L, -1748644466L, 
-1751551877L, 2015359815L, 1382781230L, 265055826L, 839021856L, 
-1797666722L, -467779516L, 831286649L, -1384768951L, 123386366L, 
1359739322L, 1548256961L, 920214487L, 1343261743L, 1830740083L, 
-817005109L, 1785590981L, 33397875L, -1535039551L, 1497678373L, 
-785018066L, 668948298L, 98400894L, -636067958L, 255919374L, 
-163241215L, -350069360L, -774183461L, -533849028L, -1384999499L, 
704126949L, 16722937L, -984868702L, 829888121L, 1552402452L, 
-1602294662L, -894109477L, -1208609875L, -91322501L, 489231955L, 
-1747998388L, -543209745L, 1312142187L, -1783041667L, 592692634L, 
1475418453L, 138170505L, 730084554L, -4858096L, 1861842415L, 
-831362655L, 410463302L, -884099297L, -273733524L, 294104785L, 
335873497L, 2060843554L, 450030835L, -482431939L, -1222792211L, 
804170097L, -544355365L, -455160767L, 790851129L, -1197193541L, 
-802074155L, -1753896884L, 205810025L, 1569266933L, 965612922L, 
-248406652L, 358825147L, 2025760334L, -1507644861L, -1772948989L, 
-1151729928L, 322680522L, 259314916L, -1335860510L, -937588605L, 
1015948272L, -887019326L, -649664709L, -1624755623L, 1895684353L, 
2095952588L, -4202062L, -739057550L, -1542456223L, 1593301153L, 
-1548440911L, 955215653L, -643899232L, 1412980340L, 658762434L, 
1074605552L, 313497825L, 2054505722L, -1980657622L, -1493979959L, 
628514773L, -1110755620L, 1478580836L, -1150187644L, -549614528L, 
-451980813L, 658100196L, -988936227L, -847582532L, 446833686L, 
-1872525556L, -328120284L, -279900765L, 1593139545L, -319188125L, 
-487913869L, 1965729401L, 1071999867L, 1457252511L, 604263342L, 
108008395L, -251914450L, 480941045L, 101217890L, -1088947374L, 
-316302296L, 1124586398L, -486203315L, 1937202660L, -1680988547L, 
-623184047L, 1625187143L, 125108331L, 1630769123L, 37723986L, 
-1935338703L, 644620520L, 1212772405L, 386638065L, 294922147L, 
1236339656L, 1525619712L, 985427795L, -1044451865L, -721914646L, 
204566971L, -1077009851L, -1788006391L, -140362463L, -829502498L, 
339336673L, 300872773L, -868928066L, 250750547L, 455240234L, 
-456496150L, 1521895023L, -727001306L, 1361335306L, 1571594129L, 
2061868710L, 1489662298L, 2064732862L, 1350091412L, 398791957L, 
736560306L, -1149300464L, 336235610L, -677139096L, 1734848723L, 
702053605L, -1275311206L, -1110422483L, 1400827898L, 1840432387L, 
-1466892037L, 957666247L, 731389635L, -1538677997L, 1678736158L, 
-1130807590L, -1229990995L, -2008177541L, -109149051L, 1594320536L, 
-676496259L, 1362304938L, 515620628L, -1906263307L, -1348311344L, 
2003581202L, -2051537480L, 875312940L, 102697747L, 1706205147L, 
-1200038569L, 920538697L, 1593904540L, -1062218456L, -79162910L, 
1875707475L, 1823641709L, -1447480042L, 109335456L, -441644305L, 
845082403L, 901317661L, 2138890716L, 35748829L, 185997052L, -1767263026L, 
-43633721L, -2065586410L, 354724253L, -1774418313L, -1030920574L, 
314595848L, 103740882L, 67638671L, -346199550L, 1178164280L, 
-1768254600L, 803129946L, -919976745L, -2128237407L, -357975932L, 
1512113999L, 1326355771L, -182170880L, 319162642L, 7619387L, 
-584047555L, 729556373L, -547389716L, -1776369504L, -1328035346L, 
515964653L, -1071467196L, -1668515032L, 1203311117L, -1888929141L, 
2067297504L, 161833881L, -940348747L, 565012891L, 1100482886L, 
1069360227L, -857099772L, 1138403410L, -1684282276L, 55815076L, 
-1061451092L, 333694583L, 1717601848L, 1502252109L, 241772635L, 
-1869695258L, 69449535L, 1071317543L, 1552281923L, 1643818695L, 
-1107074018L, -1616704723L, -348788676L, 1097421179L, 2024995581L, 
484770774L, 681875191L, -1532025514L, 1095763432L, -1192920334L, 
-1240152559L, 463272418L, -1653439684L, -807585628L, -730911528L, 
1153573515L, 1242314361L, 440888788L, 1835905595L, 1712817663L, 
-1839455140L, -1999243414L, -995950669L, -2036420489L, 896214330L, 
-629496L, 656615243L, 490584063L, -995281068L, 1467822891L, 917055823L, 
